x		   	   y
-1.372117285844734056e+02 3.185780488107729892e-06
-1.123240031889629051e+02 1.254350543829152829e-05
-8.743627779345240469e+01 4.113073256934495566e-05
-6.254855239794190425e+01 1.127612535978353311e-04
-3.766082700243140380e+01 2.598219326291663638e-04
-1.277310160692090335e+01 5.067469681017350378e-04
1.211462378858959710e+01 8.446594698976796775e-04
3.700234918410009755e+01 1.218931096365724349e-03
6.189007457961059799e+01 1.549215535633648817e-03
8.677779997512109844e+01 1.771870734341279667e-03
1.116655253706315989e+02 1.869830867469951400e-03
1.365532507661420709e+02 1.867922290686117480e-03
1.614409761616525998e+02 1.805875810431402514e-03
1.863287015571631287e+02 1.715698512870795838e-03
2.112164269526736007e+02 1.615836027532835655e-03
2.361041523481840727e+02 1.515936397840834775e-03
2.609918777436946016e+02 1.421617517378634312e-03
2.858796031392051304e+02 1.335512088352081147e-03
3.107673285347156025e+02 1.257163197165593041e-03
3.356550539302260745e+02 1.184299312493284706e-03
3.605427793257366034e+02 1.114956589862656612e-03
3.854305047212471322e+02 1.048717791645132269e-03
4.103182301167575474e+02 9.863529708795302185e-04
4.352059555122680763e+02 9.283781674587698266e-04
4.600936809077786052e+02 8.737725845129587412e-04
4.849814063032891340e+02 8.201930614957273326e-04
5.098691316987996629e+02 7.658772312669857993e-04
5.347568570943101349e+02 7.115401615046366849e-04
5.596445824898205501e+02 6.601696460351970733e-04
5.845323078853311927e+02 6.147069394012372656e-04
6.094200332808416078e+02 5.759075854633369500e-04
6.343077586763520230e+02 5.423948515421095828e-04
6.591954840718626656e+02 5.123932755331957450e-04
6.840832094673730808e+02 4.849713757458969641e-04
7.089709348628837233e+02 4.597122814371341556e-04
7.338586602583941385e+02 4.358102170239097650e-04
7.587463856539045537e+02 4.119223919256936720e-04
7.836341110494151962e+02 3.868499287489680135e-04
8.085218364449256114e+02 3.603220904783724582e-04
8.334095618404360266e+02 3.333111612446347581e-04
8.582972872359466692e+02 3.076259821671710080e-04
8.831850126314570844e+02 2.849264599969106955e-04
9.080727380269677269e+02 2.658077344885799399e-04
9.329604634224781421e+02 2.496395400439667530e-04
9.578481888179885573e+02 2.352504439541224597e-04
9.827359142134991998e+02 2.218917178215599442e-04
1.007623639609009615e+03 2.096948024103247239e-04
1.032511365004520258e+03 1.992311176463553487e-04
1.057399090400030673e+03 1.905940204726202473e-04
1.082286815795541088e+03 1.829084221198494552e-04
1.107174541191051730e+03 1.747646486083919532e-04
1.132062266586562146e+03 1.651790770908225750e-04
1.156949991982072788e+03 1.542343685255460992e-04
1.181837717377583203e+03 1.429334993008573413e-04
1.206725442773093619e+03 1.325253279313726043e-04
1.231613168168604261e+03 1.238791637947051188e-04
1.256500893564114676e+03 1.172162676995821846e-04
1.281388618959625092e+03 1.121299129208932696e-04
1.306276344355135734e+03 1.077790980478892784e-04
1.331164069750646149e+03 1.032527510606436841e-04
1.356051795146156564e+03 9.801516152034296095e-05
1.380939520541667207e+03 9.216752024338363775e-05
1.405827245937177622e+03 8.630304236392924921e-05
1.430714971332688265e+03 8.099350102488527816e-05
1.455602696728198680e+03 7.625426279321711087e-05
1.480490422123709095e+03 7.147568596947030250e-05
1.505378147519219738e+03 6.599008148780644879e-05
1.530265872914730153e+03 5.979929101742805246e-05
1.555153598310240795e+03 5.374382100563111851e-05
1.580041323705751211e+03 4.891890925044438106e-05
1.604929049101261626e+03 4.586076786289717248e-05
1.629816774496772268e+03 4.420458334649235969e-05
1.654704499892282684e+03 4.306676956834441761e-05
1.679592225287793099e+03 4.175784661093803871e-05
1.704479950683303741e+03 4.015515285129365856e-05
1.729367676078814156e+03 3.846557553401931933e-05
1.754255401474324572e+03 3.677711278946596248e-05
1.779143126869835214e+03 3.492677530983232339e-05
1.804030852265345629e+03 3.270937253377115316e-05
1.828918577660856272e+03 3.008423809494599287e-05
1.853806303056366687e+03 2.720677714054108782e-05
1.878694028451877102e+03 2.436417835237555138e-05
1.903581753847387745e+03 2.187415190573455042e-05
1.928469479242898160e+03 1.994209783727405214e-05
1.953357204638408803e+03 1.855333181783304039e-05
1.978244930033918990e+03 1.752345936327033744e-05
2.003132655429429633e+03 1.667926434812124384e-05
2.028020380824940275e+03 1.595894138676589205e-05
2.052908106220450463e+03 1.531366898357246748e-05
2.077795831615961106e+03 1.459800840382566477e-05
2.102683557011471748e+03 1.367156942734223843e-05
2.127571282406982391e+03 1.258784658295788731e-05
2.152459007802492579e+03 1.157423923404262512e-05
2.177346733198003221e+03 1.080710086705032828e-05
2.202234458593513864e+03 1.027000501649933134e-05
2.227122183989024052e+03 9.825785083318806478e-06
2.252009909384534694e+03 9.344339488146481362e-06
2.276897634780045337e+03 8.749730782061092586e-06
2.301785360175555525e+03 8.037684636685754375e-06
2.326673085571066167e+03 7.303505730055704982e-06
2.351560810966576810e+03 6.696667637263776226e-06
2.376448536362086998e+03 6.286451660446197746e-06
2.401336261757597640e+03 5.988325298675907713e-06
2.426223987153108283e+03 5.656475894445033631e-06
2.451111712548618925e+03 5.245855091194394774e-06
2.475999437944129113e+03 4.873953486998664005e-06
2.500887163339639756e+03 4.726908163620940875e-06
2.525774888735150398e+03 4.897699220231430424e-06
2.550662614130660586e+03 5.293017164550484152e-06
2.575550339526171228e+03 5.680539999418630800e-06
2.600438064921681871e+03 5.833046129902618463e-06
2.625325790317192059e+03 5.659515318229999582e-06
2.650213515712702701e+03 5.235049098854220736e-06
2.675101241108213344e+03 4.715503951559454711e-06
2.699988966503723532e+03 4.207146274587772957e-06
2.724876691899234174e+03 3.705417470033829414e-06
2.749764417294744817e+03 3.158623962520466617e-06
2.774652142690255005e+03 2.583838472766952279e-06
2.799539868085765647e+03 2.105102044103703700e-06
2.824427593481276290e+03 1.870370829183799878e-06
2.849315318876786478e+03 1.929486542160324283e-06
2.874203044272297120e+03 2.183984988776896437e-06
2.899090769667807763e+03 2.446391674266483833e-06
2.923978495063318405e+03 2.559748615366626022e-06
2.948866220458828593e+03 2.487460987066260788e-06
2.973753945854339236e+03 2.305669867365604268e-06
2.998641671249849878e+03 2.109796501872815378e-06
3.023529396645360066e+03 1.926970305335545853e-06
3.048417122040870709e+03 1.720437636876395364e-06
3.073304847436381351e+03 1.472098012860294990e-06
3.098192572831891539e+03 1.240744498304232095e-06
3.123080298227402182e+03 1.121401765150720321e-06
3.147968023622912824e+03 1.148074123182638631e-06
3.172855749018423012e+03 1.251674474669148578e-06
3.197743474413933654e+03 1.321697633024075191e-06
3.222631199809444297e+03 1.299143881472327615e-06
3.247518925204954940e+03 1.200764786923025101e-06
3.272406650600465127e+03 1.071725304486960023e-06
3.297294375995975770e+03 9.449644730686579883e-07
3.322182101391486412e+03 8.445826344598796334e-07
3.347069826786996600e+03 7.927447126535588000e-07
3.371957552182507243e+03 7.896222696601130231e-07
3.396845277578017885e+03 7.998073839719167812e-07
3.421733002973528073e+03 7.817506372378856597e-07
3.446620728369038716e+03 7.332708225918958949e-07
3.471508453764549358e+03 6.948414797246322512e-07
3.496396179160059546e+03 7.015853151733418746e-07
3.521283904555570189e+03 7.394643614278326053e-07
3.546171629951080831e+03 7.574434414551617039e-07
3.571059355346591019e+03 7.207810750400803366e-07
3.595947080742101662e+03 6.431285926946981913e-07
3.620834806137612304e+03 5.630775338607463921e-07
3.645722531533122492e+03 4.980735609140813844e-07
3.670610256928633135e+03 4.316936394768361802e-07
3.695497982324143777e+03 3.432396398119107881e-07
3.720385707719654420e+03 2.369519597544112974e-07
3.745273433115164607e+03 1.376399675011664387e-07
3.770161158510675250e+03 6.627830363953235491e-08
3.795048883906185893e+03 2.631841169508278683e-08
3.819936609301696080e+03 8.816654227676913474e-09
3.844824334697206723e+03 3.590299826813025887e-09
3.869712060092717365e+03 5.819093051706658637e-09
3.894599785488227553e+03 1.789851256991044542e-08
3.919487510883738196e+03 4.920388611220313104e-08
3.944375236279248838e+03 1.126183950859246499e-07
3.969262961674759026e+03 2.152153198812303185e-07
3.994150687070269669e+03 3.468441772962967429e-07
4.019038412465780311e+03 4.776776857760731258e-07
4.043926137861290954e+03 5.702633230498120054e-07
4.068813863256801596e+03 5.967558497677514922e-07
4.093701588652311329e+03 5.492486091241836143e-07
4.118589314047821972e+03 4.419612414441596428e-07
4.143477039443332615e+03 3.070300766493677784e-07
4.168364764838843257e+03 1.815272040068784439e-07
4.193252490234353900e+03 9.020994640954606917e-08
4.218140215629864542e+03 3.733286368017926235e-08
4.243027941025374275e+03 1.278583394619494965e-08
4.267915666420884918e+03 3.609367054268664524e-09
4.292803391816395560e+03 8.377770961829293430e-10
4.317691117211906203e+03 1.596609342677390586e-10
4.342578842607416846e+03 2.506271196595916256e-11
4.367466568002927488e+03 4.306166505844191391e-12
4.392354293398438131e+03 9.838778330331140324e-12
4.417242018793947864e+03 6.681933087981767830e-11
4.442129744189458506e+03 3.845892141683687737e-10
4.467017469584969149e+03 1.814235759359123484e-09
4.491905194980479791e+03 7.011497885374569737e-09
4.516792920375990434e+03 2.219965034729382285e-08
4.541680645771501077e+03 5.758371449898418712e-08
4.566568371167010810e+03 1.223690061058399670e-07
4.591456096562521452e+03 2.130401229009179802e-07
4.616343821958032095e+03 3.038572408835583474e-07
4.641231547353542737e+03 3.550552925427353807e-07
4.666119272749053380e+03 3.398917365893429251e-07
4.691006998144564022e+03 2.665651905412599356e-07
4.715894723540074665e+03 1.712712554728661723e-07
4.740782448935584398e+03 9.015373851727517625e-08
4.765670174331095041e+03 3.887775827521389674e-08
4.790557899726605683e+03 1.373526061557864214e-08
4.815445625122116326e+03 3.975491305499446910e-09
